Starting preprocessing of the model file ...
Found 5 equation(s).
Evaluating expressions...done
Computing static model derivatives (order 1).
Computing dynamic model derivatives (order 2).
Computing static model derivatives (order 3).
Processing outputs ...
done
Preprocessing completed.

MODEL SUMMARY

  Number of variables:         6
  Number of stochastic shocks: 1
  Number of state variables:   3
  Number of jumpers:           2
  Number of static variables:  3


MATRIX OF COVARIANCE OF EXOGENOUS SHOCKS
Variables     epsilon
epsilon      1.000000

POLICY AND TRANSITION FUNCTIONS
                                   x              pi               i               e              Ex             Epi
epsilon                    -0.775194        0.968992        0.775194        1.000000               0               0


THEORETICAL MOMENTS
VARIABLE         MEAN  STD. DEV.   VARIANCE
x              0.0000     0.7752     0.6009
pi             0.0000     0.9690     0.9389
i              0.0000     0.7752     0.6009
e              0.0000     1.0000     1.0000
Ex             0.0000     0.0000     0.0000
Epi            0.0000     0.0000     0.0000



MATRIX OF CORRELATIONS
Variables         x      pi       i       e
x            1.0000 -1.0000 -1.0000 -1.0000
pi          -1.0000  1.0000  1.0000  1.0000
i           -1.0000  1.0000  1.0000  1.0000
e           -1.0000  1.0000  1.0000  1.0000



COEFFICIENTS OF AUTOCORRELATION
Order          1       2       3       4       5
x         0.0000  0.0000  0.0000  0.0000  0.0000
pi        0.0000  0.0000  0.0000  0.0000  0.0000
i         0.0000  0.0000  0.0000  0.0000  0.0000
e         0.0000  0.0000  0.0000  0.0000  0.0000

STEADY-STATE RESULTS:

x   		 0
pi  		 0
i   		 0
e   		 0
Ex  		 0
Epi 		 0

Approximated value of planner objective function
with discretionary policy: -47.96511628


MODEL SUMMARY

  Number of variables:         6
  Number of stochastic shocks: 1
  Number of state variables:   3
  Number of jumpers:           2
  Number of static variables:  3


MATRIX OF COVARIANCE OF EXOGENOUS SHOCKS
Variables     epsilon
epsilon      1.000000

POLICY AND TRANSITION FUNCTIONS
                                   x              pi               i               e              Ex             Epi
epsilon                    -0.775194        0.968992        0.775194        1.000000               0               0


THEORETICAL MOMENTS
VARIABLE         MEAN  STD. DEV.   VARIANCE
x              0.0000     0.7752     0.6009
pi             0.0000     0.9690     0.9389
i              0.0000     0.7752     0.6009
e              0.0000     1.0000     1.0000
Ex             0.0000     0.0000     0.0000
Epi            0.0000     0.0000     0.0000



MATRIX OF CORRELATIONS
Variables         x      pi       i       e
x            1.0000 -1.0000 -1.0000 -1.0000
pi          -1.0000  1.0000  1.0000  1.0000
i           -1.0000  1.0000  1.0000  1.0000
e           -1.0000  1.0000  1.0000  1.0000



COEFFICIENTS OF AUTOCORRELATION
Order          1       2       3       4       5
x         0.0000  0.0000  0.0000  0.0000  0.0000
pi        0.0000  0.0000  0.0000  0.0000  0.0000
i         0.0000  0.0000  0.0000  0.0000  0.0000
e         0.0000  0.0000  0.0000  0.0000  0.0000
Total computing time : 0h00m02s
